0.99879 -0.049181 0 7.09392 0.049181 0.99879 0 -11.3339 0 0 1 0
0.998401 -0.056536 0 7.09557 0.056536 0.998401 0 -11.333 0 0 1 0
0.998491 -0.0549153 0 7.09748 0.0549153 0.998491 0 -11.3275 0 0 1 0
0.998519 -0.0544099 0 7.09524 0.0544099 0.998519 0 -11.3322 0 0 1 0
0.998665 -0.0516562 0 7.09756 0.0516562 0.998665 0 -11.3292 0 0 1 0
0.998751 -0.0499654 0 7.09133 0.0499654 0.998751 0 -11.3278 0 0 1 0
0.998696 -0.0510461 0 7.09795 0.0510461 0.998696 0 -11.3408 0 0 1 0
0.998151 -0.0607872 0 7.09841 0.0607872 0.998151 0 -11.3292 0 0 1 0
0.998954 -0.0457291 0 7.09463 0.0457291 0.998954 0 -11.3301 0 0 1 0
0.99892 -0.0464614 0 7.0951 0.0464614 0.99892 0 -11.3276 0 0 1 0
0.998358 -0.0572852 0 7.09356 0.0572852 0.998358 0 -11.3258 0 0 1 0
0.998638 -0.0521791 0 7.09998 0.0521791 0.998638 0 -11.3303 0 0 1 0
0.998861 -0.0477166 0 7.09727 0.0477166 0.998861 0 -11.3302 0 0 1 0
0.998774 -0.0495122 0 7.09651 0.0495122 0.998774 0 -11.3352 0 0 1 0
0.998579 -0.0532945 0 7.09641 0.0532945 0.998579 0 -11.3301 0 0 1 0
0.999269 -0.0382308 0 7.0999 0.0382308 0.999269 0 -11.3258 0 0 1 0
0.999324 -0.0367658 0 7.09881 0.0367658 0.999324 0 -11.3332 0 0 1 0
0.999134 -0.0416141 0 7.09822 0.0416141 0.999134 0 -11.3294 0 0 1 0
0.999219 -0.0395214 0 7.09855 0.0395214 0.999219 0 -11.3371 0 0 1 0
0.999165 -0.0408642 0 7.10013 0.0408642 0.999165 0 -11.3363 0 0 1 0
0.998841 -0.048135 0 7.09447 0.048135 0.998841 0 -11.3375 0 0 1 0
0.998561 -0.0536257 0 7.09593 0.0536257 0.998561 0 -11.3388 0 0 1 0
0.999171 -0.0407073 0 7.09722 0.0407073 0.999171 0 -11.3482 0 0 1 0
0.999153 -0.0411432 0 7.09727 0.0411432 0.999153 0 -11.3421 0 0 1 0
0.999121 -0.0419105 0 7.09639 0.0419105 0.999121 0 -11.3379 0 0 1 0
0.999268 -0.0382483 0 7.09554 0.0382483 0.999268 0 -11.3431 0 0 1 0
0.998886 -0.0471936 0 7.09579 0.0471936 0.998886 0 -11.3364 0 0 1 0
0.998714 -0.0506975 0 7.09653 0.0506975 0.998714 0 -11.3338 0 0 1 0
0.999109 -0.042207 0 7.09255 0.042207 0.999109 0 -11.3322 0 0 1 0
0.999211 -0.0397132 0 7.09603 0.0397132 0.999211 0 -11.3351 0 0 1 0
0.999182 -0.0404457 0 7.09186 0.0404457 0.999182 0 -11.3407 0 0 1 0
0.999021 -0.0442471 0 7.09671 0.0442471 0.999021 0 -11.344 0 0 1 0
0.999148 -0.0412653 0 7.09599 0.0412653 0.999148 0 -11.3433 0 0 1 0
0.999258 -0.0385099 0 7.0944 0.0385099 0.999258 0 -11.3333 0 0 1 0
0.999457 -0.0329633 0 7.096 0.0329633 0.999457 0 -11.3448 0 0 1 0
0.999375 -0.035353 0 7.09677 0.035353 0.999375 0 -11.3406 0 0 1 0
0.998625 -0.0524231 0 7.09385 0.0524231 0.998625 0 -11.3381 0 0 1 0
0.998673 -0.0514993 0 7.09253 0.0514993 0.998673 0 -11.3403 0 0 1 0
0.998745 -0.0500874 0 7.09313 0.0500874 0.998745 0 -11.3355 0 0 1 0
0.998699 -0.0509938 0 7.09214 0.0509938 0.998699 0 -11.3388 0 0 1 0
0.998937 -0.0460953 0 7.09238 0.0460953 0.998937 0 -11.3404 0 0 1 0
0.998585 -0.0531725 0 7.09575 0.0531725 0.998585 0 -11.3426 0 0 1 0
0.998484 -0.0550373 0 7.09509 0.0550373 0.998484 0 -11.3448 0 0 1 0
0.998914 -0.0466009 0 7.0927 0.0466009 0.998914 0 -11.3449 0 0 1 0
0.9988 -0.0489718 0 7.09302 0.0489718 0.9988 0 -11.3329 0 0 1 0
0.998117 -0.0613447 0 7.09418 0.0613447 0.998117 0 -11.3424 0 0 1 0
0.998469 -0.0553161 0 7.09774 0.0553161 0.998469 0 -11.3449 0 0 1 0
0.998937 -0.0460953 0 7.0973 0.0460953 0.998937 0 -11.3427 0 0 1 0
0.998711 -0.0507498 0 7.09532 0.0507498 0.998711 0 -11.3358 0 0 1 0
0.998506 -0.0546365 0 7.09935 0.0546365 0.998506 0 -11.3299 0 0 1 0
0.998333 -0.0577208 0 7.09705 0.0577208 0.998333 0 -11.3387 0 0 1 0
0.998491 -0.0549153 0 7.09443 0.0549153 0.998491 0 -11.3483 0 0 1 0
0.998618 -0.0525625 0 7.09477 0.0525625 0.998618 0 -11.3396 0 0 1 0
0.998886 -0.0471936 0 7.09724 0.0471936 0.998886 0 -11.3405 0 0 1 0
0.998743 -0.0501223 0 7.09944 0.0501223 0.998743 0 -11.3364 0 0 1 0
0.998567 -0.0535211 0 7.09634 0.0535211 0.998567 0 -11.3392 0 0 1 0
0.998502 -0.0547236 0 7.09284 0.0547236 0.998502 0 -11.3356 0 0 1 0
0.998221 -0.05962 0 7.09703 0.05962 0.998221 0 -11.3273 0 0 1 0
0.998354 -0.0573549 0 7.10113 0.0573549 0.998354 0 -11.3393 0 0 1 0
0.998767 -0.0496516 0 7.09889 0.0496516 0.998767 0 -11.3442 0 0 1 0
0.998976 -0.0452409 0 7.0997 0.0452409 0.998976 0 -11.3421 0 0 1 0
0.998525 -0.0542879 0 7.1041 0.0542879 0.998525 0 -11.3418 0 0 1 0
0.998351 -0.0574072 0 7.10901 0.0574072 0.998351 0 -11.3382 0 0 1 0
0.998706 -0.0508544 0 7.10993 0.0508544 0.998706 0 -11.3411 0 0 1 0
0.998715 -0.0506801 0 7.11405 0.0506801 0.998715 0 -11.3396 0 0 1 0
0.998379 -0.0569193 0 7.11855 0.0569193 0.998379 0 -11.3437 0 0 1 0
0.998798 -0.0490241 0 7.12213 0.0490241 0.998798 0 -11.3488 0 0 1 0
0.999056 -0.043445 0 7.12759 0.043445 0.999056 0 -11.344 0 0 1 0
0.998745 -0.0500874 0 7.13329 0.0500874 0.998745 0 -11.3377 0 0 1 0
0.998566 -0.0535385 0 7.14138 0.0535385 0.998566 0 -11.3411 0 0 1 0
0.998413 -0.0563094 0 7.15126 0.0563094 0.998413 0 -11.3426 0 0 1 0
0.998058 -0.0622854 0 7.1618 0.0622854 0.998058 0 -11.3408 0 0 1 0
0.998194 -0.0600729 0 7.17697 0.0600729 0.998194 0 -11.3427 0 0 1 0
0.99861 -0.052702 0 7.19092 0.052702 0.99861 0 -11.3345 0 0 1 0
0.998549 -0.0538523 0 7.1975 0.0538523 0.998549 0 -11.3005 0 0 1 0
0.998831 -0.0483442 0 7.21398 0.0483442 0.998831 0 -11.301 0 0 1 0
0.999404 -0.0345158 0 7.23851 0.0345158 0.999404 0 -11.3066 0 0 1 0
0.999333 -0.0365216 0 7.26847 0.0365216 0.999333 0 -11.3095 0 0 1 0
0.999113 -0.0421023 0 7.29686 0.0421023 0.999113 0 -11.2993 0 0 1 0
0.999213 -0.0396784 0 7.3157 0.0396784 0.999213 0 -11.3348 0 0 1 0
0.99886 -0.0477341 0 7.35173 0.0477341 0.99886 0 -11.3329 0 0 1 0
0.999129 -0.0417187 0 7.38296 0.0417187 0.999129 0 -11.2982 0 0 1 0
0.999565 -0.0294918 0 7.41536 0.0294918 0.999565 0 -11.2993 0 0 1 0
0.999543 -0.0302419 0 7.44745 0.0302419 0.999543 0 -11.2909 0 0 1 0
0.998618 -0.0525625 0 7.49414 0.0525625 0.998618 0 -11.2769 0 0 1 0
0.998295 -0.0583655 0 7.52477 0.0583655 0.998295 0 -11.311 0 0 1 0
0.999329 -0.0366263 0 7.56526 0.0366263 0.999329 0 -11.2749 0 0 1 0
0.999747 -0.0225128 0 7.60753 0.0225128 0.999747 0 -11.265 0 0 1 0
0.999196 -0.0400795 0 7.65099 0.0400795 0.999196 0 -11.2692 0 0 1 0
0.999531 -0.0306257 0 7.69635 0.0306257 0.999531 0 -11.2748 0 0 1 0
0.999662 -0.025985 0 7.73196 0.025985 0.999662 0 -11.2724 0 0 1 0
0.999528 -0.0307304 0 7.77709 0.0307304 0.999528 0 -11.2594 0 0 1 0
0.999081 -0.0428522 0 7.81592 0.0428522 0.999081 0 -11.2507 0 0 1 0
0.999146 -0.0413176 0 7.85404 0.0413176 0.999146 0 -11.2523 0 0 1 0
0.999455 -0.0330156 0 7.90092 0.0330156 0.999455 0 -11.2529 0 0 1 0
0.999606 -0.0280787 0 7.94324 0.0280787 0.999606 0 -11.2445 0 0 1 0
0.999485 -0.0320736 0 7.97631 0.0320736 0.999485 0 -11.243 0 0 1 0
0.999257 -0.0385448 0 8.01203 0.0385448 0.999257 0 -11.2324 0 0 1 0
0.999498 -0.0316724 0 8.04841 0.0316724 0.999498 0 -11.2288 0 0 1 0
0.999714 -0.0239262 0 8.08725 0.0239262 0.999714 0 -11.2385 0 0 1 0
0.999537 -0.0304164 0 8.11554 0.0304164 0.999537 0 -11.268 0 0 1 0
0.998796 -0.049059 0 8.14819 0.049059 0.998796 0 -11.2673 0 0 1 0
0.999157 -0.0410561 0 8.17563 0.0410561 0.999157 0 -11.2552 0 0 1 0
0.999983 -0.00588173 0 8.20031 0.00588173 0.999983 0 -11.2609 0 0 1 0
0.999996 -0.00286234 0 8.21709 0.00286234 0.999996 0 -11.2594 0 0 1 0
0.9999 -0.0141192 0 8.2439 0.0141192 0.9999 0 -11.2475 0 0 1 0
0.999591 -0.0285846 0 8.21483 0.0285846 0.999591 0 -11.2498 0 0 1 0
0.999413 -0.0342541 0 8.2801 0.0342541 0.999413 0 -11.2829 0 0 1 0
0.999771 -0.0213961 0 8.29087 0.0213961 0.999771 0 -11.2469 0 0 1 0
0.99982 -0.018988 0 8.30768 0.018988 0.99982 0 -11.2478 0 0 1 0
0.999641 -0.026805 0 8.32529 0.026805 0.999641 0 -11.2481 0 0 1 0
0.999515 -0.0311491 0 8.3396 0.0311491 0.999515 0 -11.2427 0 0 1 0
0.999672 -0.0256186 0 8.34903 0.0256186 0.999672 0 -11.2407 0 0 1 0
0.9996 -0.0282706 0 8.36309 0.0282706 0.9996 0 -11.2405 0 0 1 0
0.999299 -0.037446 0 8.37825 0.037446 0.999299 0 -11.2302 0 0 1 0
0.999173 -0.0406724 0 8.39499 0.0406724 0.999173 0 -11.2335 0 0 1 0
0.999404 -0.0345158 0 8.41144 0.0345158 0.999404 0 -11.2334 0 0 1 0
0.999747 -0.0224779 0 8.42644 0.0224779 0.999747 0 -11.2326 0 0 1 0
0.999653 -0.026334 0 8.44414 0.026334 0.999653 0 -11.2378 0 0 1 0
0.999316 -0.0369751 0 8.46499 0.0369751 0.999316 0 -11.2317 0 0 1 0
0.998988 -0.0449794 0 8.48343 0.0449794 0.998988 0 -11.2194 0 0 1 0
0.998868 -0.0475597 0 8.50383 0.0475597 0.998868 0 -11.2204 0 0 1 0
0.999607 -0.0280263 0 8.52265 0.0280263 0.999607 0 -11.2206 0 0 1 0
0.999811 -0.0194417 0 8.54387 0.0194417 0.999811 0 -11.2185 0 0 1 0
0.999695 -0.0246765 0 8.56637 0.0246765 0.999695 0 -11.2199 0 0 1 0
0.999724 -0.02349 0 8.5934 0.02349 0.999724 0 -11.2222 0 0 1 0
0.99954 -0.0303292 0 8.62027 0.0303292 0.99954 0 -11.2205 0 0 1 0
0.999436 -0.0335913 0 8.64694 0.0335913 0.999436 0 -11.2135 0 0 1 0
0.999805 -0.0197558 0 8.67435 0.0197558 0.999805 0 -11.2189 0 0 1 0
0.999942 -0.0107685 0 8.70089 0.0107685 0.999942 0 -11.2149 0 0 1 0
0.999858 -0.0168591 0 8.72993 0.0168591 0.999858 0 -11.2032 0 0 1 0
0.999589 -0.0286718 0 8.75966 0.0286718 0.999589 0 -11.1947 0 0 1 0
0.99948 -0.0322306 0 8.7897 0.0322306 0.99948 0 -11.1916 0 0 1 0
0.999568 -0.0293871 0 8.81951 0.0293871 0.999568 0 -11.1899 0 0 1 0
0.999752 -0.022286 0 8.85147 0.022286 0.999752 0 -11.1909 0 0 1 0
0.99954 -0.0303292 0 8.88574 0.0303292 0.99954 0 -11.1881 0 0 1 0
0.999913 -0.0131943 0 8.92377 0.0131943 0.999913 0 -11.2002 0 0 1 0
0.999998 0.00214675 0 8.96133 -0.00214675 0.999998 -0 -11.194 -0 0 1 0
0.999967 -0.0081506 0 8.99685 0.0081506 0.999967 0 -11.1905 0 0 1 0
0.999831 -0.0183598 0 9.03221 0.0183598 0.999831 0 -11.1788 0 0 1 0
0.999884 -0.0152187 0 9.07263 0.0152187 0.999884 0 -11.1758 0 0 1 0
0.999997 -0.00254818 0 9.11486 0.00254818 0.999997 0 -11.1785 0 0 1 0
0.999996 0.0026529 0 9.15593 -0.0026529 0.999996 -0 -11.18 -0 0 1 0
0.999967 -0.00811569 0 9.19107 0.00811569 0.999967 0 -11.1819 0 0 1 0
0.999997 -0.00261799 0 9.23674 0.00261799 0.999997 0 -11.1912 0 0 1 0
0.999755 0.022129 0 9.27657 -0.022129 0.999755 -0 -11.1914 -0 0 1 0
0.999989 0.00466001 0 9.31415 -0.00466001 0.999989 -0 -11.1815 -0 0 1 0
0.999996 -0.00275762 0 9.35788 0.00275762 0.999996 0 -11.1743 0 0 1 0
0.999984 -0.0057072 0 9.3999 0.0057072 0.999984 0 -11.1737 0 0 1 0
0.999993 -0.00378736 0 9.4378 0.00378736 0.999993 0 -11.1659 0 0 1 0
0.999995 0.00328121 0 9.47438 -0.00328121 0.999995 -0 -11.1608 -0 0 1 0
0.999969 -0.0078539 0 9.51746 0.0078539 0.999969 0 -11.1467 0 0 1 0
0.999986 -0.00530578 0 9.55502 0.00530578 0.999986 0 -11.1461 0 0 1 0
0.999957 0.00931992 0 9.58066 -0.00931992 0.999957 -0 -11.1444 -0 0 1 0
0.999999 -0.00151844 0 9.61768 0.00151844 0.999999 0 -11.1428 0 0 1 0
0.999999 -0.00132645 0 9.65931 0.00132645 0.999999 0 -11.1341 0 0 1 0
0.999972 -0.00741758 0 9.68328 0.00741758 0.999972 0 -11.1481 0 0 1 0
0.999998 -0.0018675 0 9.71801 0.0018675 0.999998 0 -11.1523 0 0 1 0
0.999953 -0.00973878 0 9.75375 0.00973878 0.999953 0 -11.1424 0 0 1 0
0.999962 -0.00876144 0 9.78726 0.00876144 0.999962 0 -11.1439 0 0 1 0
0.999922 -0.0124613 0 9.8177 0.0124613 0.999922 0 -11.1267 0 0 1 0
0.999873 -0.0159516 0 9.8495 0.0159516 0.999873 0 -11.1237 0 0 1 0
0.999962 -0.00869163 0 9.87037 0.00869163 0.999962 0 -11.1311 0 0 1 0
0.999972 -0.00745249 0 9.89736 0.00745249 0.999972 0 -11.1226 0 0 1 0
0.999994 -0.00361282 0 9.93353 0.00361282 0.999994 0 -11.1305 0 0 1 0
0.999985 -0.00542795 0 9.95997 0.00542795 0.999985 0 -11.1104 0 0 1 0
0.999962 -0.00867418 0 9.98553 0.00867418 0.999962 0 -11.106 0 0 1 0
0.999901 -0.0140494 0 10.0127 0.0140494 0.999901 0 -11.0973 0 0 1 0
0.999902 -0.014032 0 10.042 0.014032 0.999902 0 -11.0943 0 0 1 0
0.999961 -0.0088487 0 10.0753 0.0088487 0.999961 0 -11.0968 0 0 1 0
0.999823 -0.018831 0 10.1083 0.018831 0.999823 0 -11.087 0 0 1 0
0.99958 -0.0289684 0 10.1376 0.0289684 0.99958 0 -11.0851 0 0 1 0
0.999478 -0.0323004 0 10.1655 0.0323004 0.999478 0 -11.0833 0 0 1 0
0.999048 -0.0436194 0 10.1916 0.0436194 0.999048 0 -11.0784 0 0 1 0
0.998968 -0.0454153 0 10.2155 0.0454153 0.998968 0 -11.0851 0 0 1 0
0.998527 -0.0542531 0 10.2511 0.0542531 0.998527 0 -11.0746 0 0 1 0
0.998299 -0.0582958 0 10.2562 0.0582958 0.998299 0 -11.0572 0 0 1 0
0.998228 -0.059498 0 10.3162 0.059498 0.998228 0 -11.0537 0 0 1 0
0.996374 -0.0850865 0 10.3116 0.0850865 0.996374 0 -11.0442 0 0 1 0
0.995739 -0.0922142 0 10.3828 0.0922142 0.995739 0 -11.0244 0 0 1 0
0.996008 -0.0892594 0 10.4133 0.0892594 0.996008 0 -11.0327 0 0 1 0
0.994482 -0.10491 0 10.4511 0.10491 0.994482 0 -11.0231 0 0 1 0
0.992757 -0.120137 0 10.483 0.120137 0.992757 0 -11.0157 0 0 1 0
0.992182 -0.124796 0 10.5168 0.124796 0.992182 0 -11.0044 0 0 1 0
0.99357 -0.113221 0 10.5527 0.113221 0.99357 0 -11.002 0 0 1 0
0.994852 -0.101334 0 10.5897 0.101334 0.994852 0 -10.9999 0 0 1 0
0.994609 -0.103695 0 10.6302 0.103695 0.994609 0 -10.9894 0 0 1 0
0.993528 -0.113585 0 10.6668 0.113585 0.993528 0 -10.9791 0 0 1 0
0.991116 -0.133 0 10.6954 0.133 0.991116 0 -10.9576 0 0 1 0
0.989945 -0.141454 0 10.7283 0.141454 0.989945 0 -10.9501 0 0 1 0
0.99109 -0.133191 0 10.7722 0.133191 0.99109 0 -10.943 0 0 1 0
0.991388 -0.130959 0 10.8014 0.130959 0.991388 0 -10.9444 0 0 1 0
0.989606 -0.143804 0 10.8261 0.143804 0.989606 0 -10.9306 0 0 1 0
0.98928 -0.146031 0 10.8602 0.146031 0.98928 0 -10.9221 0 0 1 0
0.988782 -0.149363 0 10.8906 0.149363 0.988782 0 -10.9116 0 0 1 0
0.990124 -0.140193 0 10.9234 0.140193 0.990124 0 -10.9007 0 0 1 0
0.989496 -0.144563 0 10.9505 0.144563 0.989496 0 -10.9003 0 0 1 0
0.99075 -0.135698 0 10.9839 0.135698 0.99075 0 -10.8839 0 0 1 0
0.989196 -0.146601 0 11.0189 0.146601 0.989196 0 -10.8802 0 0 1 0
0.985199 -0.171413 0 11.0464 0.171413 0.985199 0 -10.8714 0 0 1 0
0.98687 -0.161518 0 11.0706 0.161518 0.98687 0 -10.8418 0 0 1 0
0.989088 -0.147326 0 11.1044 0.147326 0.989088 0 -10.843 0 0 1 0
0.988949 -0.148258 0 11.1404 0.148258 0.988949 0 -10.8441 0 0 1 0
0.986762 -0.162172 0 11.168 0.162172 0.986762 0 -10.8328 0 0 1 0
0.986765 -0.162155 0 11.1965 0.162155 0.986765 0 -10.8233 0 0 1 0
0.988576 -0.150726 0 11.2236 0.150726 0.988576 0 -10.8094 0 0 1 0
0.989496 -0.144563 0 11.2558 0.144563 0.989496 0 -10.8085 0 0 1 0
0.990401 -0.138222 0 11.2886 0.138222 0.990401 0 -10.7917 0 0 1 0
0.991056 -0.13345 0 11.3191 0.13345 0.991056 0 -10.7879 0 0 1 0
0.991319 -0.131478 0 11.3483 0.131478 0.991319 0 -10.778 0 0 1 0
0.990014 -0.14097 0 11.375 0.14097 0.990014 0 -10.7639 0 0 1 0
0.986535 -0.16355 0 11.4106 0.16355 0.986535 0 -10.7667 0 0 1 0
0.987419 -0.158124 0 11.4417 0.158124 0.987419 0 -10.7619 0 0 1 0
0.987122 -0.159967 0 11.4728 0.159967 0.987122 0 -10.7456 0 0 1 0
0.986703 -0.162534 0 11.5059 0.162534 0.986703 0 -10.737 0 0 1 0
0.986794 -0.161983 0 11.5352 0.161983 0.986794 0 -10.7361 0 0 1 0
0.988247 -0.152865 0 11.565 0.152865 0.988247 0 -10.7225 0 0 1 0
0.989614 -0.143752 0 11.5972 0.143752 0.989614 0 -10.7213 0 0 1 0
0.989031 -0.147706 0 11.6297 0.147706 0.989031 0 -10.7084 0 0 1 0
0.986988 -0.160794 0 11.661 0.160794 0.986988 0 -10.694 0 0 1 0
0.987811 -0.155659 0 11.6916 0.155659 0.987811 0 -10.7203 0 0 1 0
0.990433 -0.137998 0 11.7264 0.137998 0.990433 0 -10.7244 0 0 1 0
0.989928 -0.141575 0 11.7649 0.141575 0.989928 0 -10.7192 0 0 1 0
0.988202 -0.153158 0 11.7997 0.153158 0.988202 0 -10.662 0 0 1 0
0.986358 -0.164617 0 11.8249 0.164617 0.986358 0 -10.6569 0 0 1 0
0.98821 -0.153107 0 11.8577 0.153107 0.98821 0 -10.689 0 0 1 0
0.987383 -0.158348 0 11.8918 0.158348 0.987383 0 -10.6373 0 0 1 0
0.987746 -0.156072 0 11.9205 0.156072 0.987746 0 -10.6377 0 0 1 0
0.98929 -0.145962 0 11.9596 0.145962 0.98929 0 -10.6506 0 0 1 0
0.990326 -0.138758 0 11.9957 0.138758 0.990326 0 -10.6559 0 0 1 0
0.99142 -0.130717 0 12.0313 0.130717 0.99142 0 -10.6559 0 0 1 0
0.991509 -0.130042 0 12.0674 0.130042 0.991509 0 -10.6448 0 0 1 0
0.991484 -0.130232 0 12.0985 0.130232 0.991484 0 -10.611 0 0 1 0
0.989594 -0.14389 0 12.1357 0.14389 0.989594 0 -10.5694 0 0 1 0
0.983672 -0.17997 0 12.1533 0.17997 0.983672 0 -10.5591 0 0 1 0
0.981714 -0.190364 0 12.1751 0.190364 0.981714 0 -10.5633 0 0 1 0
0.996679 -0.0814341 0 12.2363 0.0814341 0.996679 0 -10.59 0 0 1 0
0.990139 -0.140089 0 12.2542 0.140089 0.990139 0 -10.5802 0 0 1 0
0.990519 -0.137375 0 12.2955 0.137375 0.990519 0 -10.5562 0 0 1 0
0.992088 -0.125541 0 12.3352 0.125541 0.992088 0 -10.5472 0 0 1 0
0.993425 -0.114486 0 12.3574 0.114486 0.993425 0 -10.5787 0 0 1 0
0.993764 -0.111504 0 12.3876 0.111504 0.993764 0 -10.5719 0 0 1 0
0.993306 -0.115509 0 12.4176 0.115509 0.993306 0 -10.5764 0 0 1 0
0.994054 -0.108884 0 12.4504 0.108884 0.994054 0 -10.5799 0 0 1 0
0.994735 -0.10248 0 12.4897 0.10248 0.994735 0 -10.5652 0 0 1 0
0.995095 -0.0989203 0 12.5204 0.0989203 0.995095 0 -10.5551 0 0 1 0
0.995297 -0.0968707 0 12.5568 0.0968707 0.995297 0 -10.549 0 0 1 0
0.990696 -0.136096 0 12.5814 0.136096 0.990696 0 -10.541 0 0 1 0
0.990476 -0.137687 0 12.6083 0.137687 0.990476 0 -10.5313 0 0 1 0
0.991725 -0.12838 0 12.6375 0.12838 0.991725 0 -10.506 0 0 1 0
0.99406 -0.108832 0 12.6694 0.108832 0.99406 0 -10.5077 0 0 1 0
0.994425 -0.105448 0 12.6979 0.105448 0.994425 0 -10.5132 0 0 1 0
0.992182 -0.124796 0 12.7233 0.124796 0.992182 0 -10.4946 0 0 1 0
0.992724 -0.120414 0 12.7578 0.120414 0.992724 0 -10.4729 0 0 1 0
0.996055 -0.0887378 0 12.7998 0.0887378 0.996055 0 -10.4647 0 0 1 0
0.990275 -0.139121 0 12.8196 0.139121 0.990275 0 -10.4575 0 0 1 0
0.989883 -0.141886 0 12.8497 0.141886 0.989883 0 -10.4544 0 0 1 0
0.990435 -0.13798 0 12.8784 0.13798 0.990435 0 -10.4491 0 0 1 0
0.990236 -0.139398 0 12.9146 0.139398 0.990236 0 -10.4314 0 0 1 0
0.990222 -0.139501 0 12.954 0.139501 0.990222 0 -10.4279 0 0 1 0
0.988547 -0.150916 0 12.9844 0.150916 0.988547 0 -10.438 0 0 1 0
0.988279 -0.152658 0 13.011 0.152658 0.988279 0 -10.4297 0 0 1 0
0.985016 -0.172462 0 13.0306 0.172462 0.985016 0 -10.4403 0 0 1 0
0.986335 -0.164755 0 13.0633 0.164755 0.986335 0 -10.4279 0 0 1 0
0.990406 -0.138188 0 13.1045 0.138188 0.990406 0 -10.4272 0 0 1 0
0.992163 -0.124952 0 13.139 0.124952 0.992163 0 -10.4251 0 0 1 0
0.992343 -0.123515 0 13.1666 0.123515 0.992343 0 -10.4212 0 0 1 0
0.992849 -0.119374 0 13.2019 0.119374 0.992849 0 -10.3968 0 0 1 0
0.992922 -0.118768 0 13.2301 0.118768 0.992922 0 -10.369 0 0 1 0
0.991945 -0.126666 0 13.2687 0.126666 0.991945 0 -10.4149 0 0 1 0
0.989696 -0.143182 0 13.2931 0.143182 0.989696 0 -10.4098 0 0 1 0
0.989496 -0.144563 0 13.3297 0.144563 0.989496 0 -10.3994 0 0 1 0
0.988704 -0.14988 0 13.3621 0.14988 0.988704 0 -10.403 0 0 1 0
0.990555 -0.137116 0 13.3929 0.137116 0.990555 0 -10.4052 0 0 1 0
0.992042 -0.125905 0 13.4288 0.125905 0.992042 0 -10.3929 0 0 1 0
0.992115 -0.125333 0 13.4595 0.125333 0.992115 0 -10.3885 0 0 1 0
0.992803 -0.119756 0 13.4844 0.119756 0.992803 0 -10.3986 0 0 1 0
0.992803 -0.119756 0 13.5179 0.119756 0.992803 0 -10.4092 0 0 1 0
0.993056 -0.117641 0 13.564 0.117641 0.993056 0 -10.4038 0 0 1 0
0.993805 -0.111139 0 13.6012 0.111139 0.993805 0 -10.3966 0 0 1 0
0.991685 -0.128692 0 13.6263 0.128692 0.991685 0 -10.3625 0 0 1 0
0.992254 -0.124225 0 13.6568 0.124225 0.992254 0 -10.3216 0 0 1 0
0.992439 -0.122735 0 13.6838 0.122735 0.992439 0 -10.3071 0 0 1 0
0.991919 -0.126874 0 13.7121 0.126874 0.991919 0 -10.3054 0 0 1 0
0.990927 -0.134401 0 13.7408 0.134401 0.990927 0 -10.2999 0 0 1 0
0.989846 -0.142145 0 13.7746 0.142145 0.989846 0 -10.2897 0 0 1 0
0.991886 -0.127134 0 13.8137 0.127134 0.991886 0 -10.2767 0 0 1 0
0.9954 -0.095811 0 13.8324 0.095811 0.9954 0 -10.2835 0 0 1 0
0.993554 -0.113359 0 13.8599 0.113359 0.993554 0 -10.2707 0 0 1 0
0.991651 -0.128951 0 13.9037 0.128951 0.991651 0 -10.2907 0 0 1 0
0.990061 -0.140642 0 13.9342 0.140642 0.990061 0 -10.2654 0 0 1 0
0.990173 -0.139847 0 13.9581 0.139847 0.990173 0 -10.2527 0 0 1 0
0.991689 -0.128657 0 13.9966 0.128657 0.991689 0 -10.2531 0 0 1 0
0.992067 -0.125714 0 14.0233 0.125714 0.992067 0 -10.258 0 0 1 0
0.997479 -0.0709578 0 14.0721 0.0709578 0.997479 0 -10.2546 0 0 1 0
0.997318 -0.073186 0 14.1026 0.073186 0.997318 0 -10.2345 0 0 1 0
0.990915 -0.134488 0 14.1143 0.134488 0.990915 0 -10.2244 0 0 1 0
0.984442 -0.17571 0 14.1334 0.17571 0.984442 0 -10.2069 0 0 1 0
0.982784 -0.184758 0 14.1627 0.184758 0.982784 0 -10.1964 0 0 1 0
0.984254 -0.176758 0 14.1967 0.176758 0.984254 0 -10.1936 0 0 1 0
0.986521 -0.163636 0 14.236 0.163636 0.986521 0 -10.1826 0 0 1 0
0.983769 -0.179438 0 14.2673 0.179438 0.983769 0 -10.1826 0 0 1 0
0.985639 -0.168868 0 14.3082 0.168868 0.985639 0 -10.1754 0 0 1 0
0.9871 -0.160105 0 14.3377 0.160105 0.9871 0 -10.165 0 0 1 0
0.991072 -0.133329 0 14.3784 0.133329 0.991072 0 -10.1604 0 0 1 0
0.990856 -0.13492 0 14.4426 0.13492 0.990856 0 -10.1502 0 0 1 0
0.996594 -0.0824603 0 14.456 0.0824603 0.996594 0 -10.1637 0 0 1 0
0.997131 -0.0756923 0 14.4928 0.0756923 0.997131 0 -10.1721 0 0 1 0
0.998192 -0.0601078 0 14.528 0.0601078 0.998192 0 -10.1512 0 0 1 0
0.997167 -0.0752224 0 14.5587 0.0752224 0.997167 0 -10.1281 0 0 1 0
0.9906 -0.136788 0 14.5728 0.136788 0.9906 0 -10.1389 0 0 1 0
0.990622 -0.136632 0 14.6044 0.136632 0.990622 0 -10.12 0 0 1 0
0.992755 -0.120154 0 14.6479 0.120154 0.992755 0 -10.1091 0 0 1 0
0.992736 -0.12031 0 14.6763 0.12031 0.992736 0 -10.1102 0 0 1 0
0.994089 -0.108572 0 14.7061 0.108572 0.994089 0 -10.1349 0 0 1 0
0.996288 -0.0860777 0 14.7452 0.0860777 0.996288 0 -10.132 0 0 1 0
0.994717 -0.102654 0 14.7827 0.102654 0.994717 0 -10.1155 0 0 1 0
0.994098 -0.108485 0 14.8122 0.108485 0.994098 0 -10.091 0 0 1 0
0.993497 -0.113862 0 14.8346 0.113862 0.993497 0 -10.0774 0 0 1 0
0.993068 -0.117537 0 14.8714 0.117537 0.993068 0 -10.0816 0 0 1 0
0.992501 -0.122233 0 14.9022 0.122233 0.992501 0 -10.0546 0 0 1 0
0.993441 -0.114348 0 14.9319 0.114348 0.993441 0 -10.0548 0 0 1 0
0.995113 -0.0987466 0 14.9624 0.0987466 0.995113 0 -10.0558 0 0 1 0
0.995255 -0.097305 0 14.9937 0.097305 0.995255 0 -10.0574 0 0 1 0
0.994785 -0.101994 0 15.0216 0.101994 0.994785 0 -10.0555 0 0 1 0
0.993491 -0.113914 0 15.0524 0.113914 0.993491 0 -10.0388 0 0 1 0
0.994923 -0.10064 0 15.0855 0.10064 0.994923 0 -10.029 0 0 1 0
0.995501 -0.0947512 0 15.1207 0.0947512 0.995501 0 -10.0257 0 0 1 0
0.995317 -0.0966622 0 15.1513 0.0966622 0.995317 0 -10.029 0 0 1 0
0.995905 -0.0904066 0 15.1817 0.0904066 0.995905 0 -10.027 0 0 1 0
0.99764 -0.0686596 0 15.2162 0.0686596 0.99764 0 -10.0351 0 0 1 0
0.99885 -0.0479433 0 15.2492 0.0479433 0.99885 0 -10.0434 0 0 1 0
0.997627 -0.0688511 0 15.2781 0.0688511 0.997627 0 -10.0358 0 0 1 0
0.995514 -0.0946122 0 15.317 0.0946122 0.995514 0 -9.97758 0 0 1 0
0.995342 -0.0964017 0 15.3587 0.0964017 0.995342 0 -9.94493 0 0 1 0
0.989861 -0.142042 0 15.3796 0.142042 0.989861 0 -9.93783 0 0 1 0
0.991768 -0.128051 0 15.4125 0.128051 0.991768 0 -9.92945 0 0 1 0
0.992914 -0.118837 0 15.4577 0.118837 0.992914 0 -10.0073 0 0 1 0
0.991181 -0.132516 0 15.4963 0.132516 0.991181 0 -9.96806 0 0 1 0
0.989021 -0.147775 0 15.5371 0.147775 0.989021 0 -9.92901 0 0 1 0
0.990234 -0.139415 0 15.5802 0.139415 0.990234 0 -9.93478 0 0 1 0
0.991422 -0.130699 0 15.6238 0.130699 0.991422 0 -9.91929 0 0 1 0
0.990097 -0.140383 0 15.6613 0.140383 0.990097 0 -9.8617 0 0 1 0
0.990026 -0.140884 0 15.7131 0.140884 0.990026 0 -9.87589 0 0 1 0
0.990786 -0.135439 0 15.7558 0.135439 0.990786 0 -9.87327 0 0 1 0
0.990122 -0.14021 0 15.8085 0.14021 0.990122 0 -9.91526 0 0 1 0
0.99359 -0.113047 0 15.8603 0.113047 0.99359 0 -9.93236 0 0 1 0
0.993719 -0.111903 0 15.9129 0.111903 0.993719 0 -9.90194 0 0 1 0
0.993649 -0.112527 0 15.9678 0.112527 0.993649 0 -9.87813 0 0 1 0
0.992982 -0.118265 0 16.0113 0.118265 0.992982 0 -9.83884 0 0 1 0
0.993993 -0.109439 0 16.0659 0.109439 0.993993 0 -9.82939 0 0 1 0
0.994397 -0.105709 0 16.1316 0.105709 0.994397 0 -9.85887 0 0 1 0
0.993286 -0.115683 0 16.1894 0.115683 0.993286 0 -9.85122 0 0 1 0
0.994851 -0.101351 0 16.2484 0.101351 0.994851 0 -9.85108 0 0 1 0
0.994912 -0.100744 0 16.3076 0.100744 0.994912 0 -9.83267 0 0 1 0
0.994733 -0.102497 0 16.3801 0.102497 0.994733 0 -9.80891 0 0 1 0
0.993594 -0.113012 0 16.448 0.113012 0.993594 0 -9.81283 0 0 1 0
0.988871 -0.148776 0 16.4935 0.148776 0.988871 0 -9.83638 0 0 1 0
0.990634 -0.136546 0 16.5736 0.136546 0.990634 0 -9.78539 0 0 1 0
0.995162 -0.0982429 0 16.6546 0.0982429 0.995162 0 -9.79104 0 0 1 0
0.998208 -0.0598465 0 16.7335 0.0598465 0.998208 0 -9.76286 0 0 1 0
0.997765 -0.0668138 0 16.806 0.0668138 0.997765 0 -9.7288 0 0 1 0
0.994254 -0.107045 0 16.8703 0.107045 0.994254 0 -9.69956 0 0 1 0
0.993379 -0.114885 0 16.937 0.114885 0.993379 0 -9.73356 0 0 1 0
0.990038 -0.140798 0 17.0185 0.140798 0.990038 0 -9.62473 0 0 1 0
0.992031 -0.125991 0 17.1013 0.125991 0.992031 0 -9.65223 0 0 1 0
0.994321 -0.10642 0 17.1774 0.10642 0.994321 0 -9.69865 0 0 1 0
0.994551 -0.104251 0 17.28 0.104251 0.994551 0 -9.65211 0 0 1 0
0.993439 -0.114365 0 17.362 0.114365 0.993439 0 -9.6216 0 0 1 0
0.993625 -0.112735 0 17.4469 0.112735 0.993625 0 -9.61085 0 0 1 0
0.994925 -0.100622 0 17.5279 0.100622 0.994925 0 -9.65029 0 0 1 0
0.99268 -0.120778 0 17.6301 0.120778 0.99268 0 -9.56564 0 0 1 0
0.987751 -0.156038 0 17.716 0.156038 0.987751 0 -9.51445 0 0 1 0
0.992384 -0.123186 0 17.8041 0.123186 0.992384 0 -9.48625 0 0 1 0
0.993034 -0.117832 0 17.9038 0.117832 0.993034 0 -9.50355 0 0 1 0
0.993435 -0.1144 0 17.994 0.1144 0.993435 0 -9.49198 0 0 1 0
0.994026 -0.109144 0 18.0781 0.109144 0.994026 0 -9.45614 0 0 1 0
0.995671 -0.0929441 0 18.1683 0.0929441 0.995671 0 -9.43874 0 0 1 0
0.994159 -0.10793 0 18.2532 0.10793 0.994159 0 -9.42429 0 0 1 0
0.99029 -0.139018 0 18.3344 0.139018 0.99029 0 -9.42557 0 0 1 0
0.990957 -0.134176 0 18.4097 0.134176 0.990957 0 -9.39864 0 0 1 0
0.992304 -0.123827 0 18.4895 0.123827 0.992304 0 -9.39138 0 0 1 0
0.994037 -0.10904 0 18.5588 0.10904 0.994037 0 -9.37054 0 0 1 0
0.995021 -0.0996671 0 18.6284 0.0996671 0.995021 0 -9.37506 0 0 1 0
0.995195 -0.0979129 0 18.6949 0.0979129 0.995195 0 -9.38889 0 0 1 0
0.996061 -0.0886683 0 18.7464 0.0886683 0.996061 0 -9.3283 0 0 1 0
0.994573 -0.104042 0 18.8139 0.104042 0.994573 0 -9.31343 0 0 1 0
0.992625 -0.121228 0 18.8672 0.121228 0.992625 0 -9.31643 0 0 1 0
0.992738 -0.120293 0 18.927 0.120293 0.992738 0 -9.28402 0 0 1 0
0.995379 -0.0960195 0 18.9914 0.0960195 0.995379 0 -9.3025 0 0 1 0
0.995575 -0.0939693 0 19.0436 0.0939693 0.995575 0 -9.31671 0 0 1 0
0.994631 -0.103487 0 19.0951 0.103487 0.994631 0 -9.29532 0 0 1 0
0.994237 -0.107201 0 19.1447 0.107201 0.994237 0 -9.28856 0 0 1 0
0.995021 -0.0996671 0 19.1914 0.0996671 0.995021 0 -9.25869 0 0 1 0
0.995024 -0.0996323 0 19.2384 0.0996323 0.995024 0 -9.275 0 0 1 0
0.993365 -0.115006 0 19.2821 0.115006 0.993365 0 -9.2674 0 0 1 0
0.994275 -0.106854 0 19.3196 0.106854 0.994275 0 -9.22328 0 0 1 0
0.99261 -0.12135 0 19.3771 0.12135 0.99261 0 -9.24369 0 0 1 0
0.993207 -0.116359 0 19.4333 0.116359 0.993207 0 -9.2401 0 0 1 0
0.993984 -0.109526 0 19.4769 0.109526 0.993984 0 -9.24235 0 0 1 0
0.993961 -0.109734 0 19.5214 0.109734 0.993961 0 -9.23552 0 0 1 0
0.99149 -0.13018 0 19.5593 0.13018 0.99149 0 -9.23279 0 0 1 0
0.991386 -0.130976 0 19.6049 0.130976 0.991386 0 -9.21922 0 0 1 0
0.991805 -0.127757 0 19.6505 0.127757 0.991805 0 -9.16712 0 0 1 0
0.992785 -0.119912 0 19.685 0.119912 0.992785 0 -9.21446 0 0 1 0
0.994449 -0.105223 0 19.7401 0.105223 0.994449 0 -9.19617 0 0 1 0
0.993725 -0.111851 0 19.7839 0.111851 0.993725 0 -9.18793 0 0 1 0
0.993497 -0.113862 0 19.83 0.113862 0.993497 0 -9.1526 0 0 1 0
0.994881 -0.101056 0 19.8835 0.101056 0.994881 0 -9.17421 0 0 1 0
0.994631 -0.103487 0 19.9295 0.103487 0.994631 0 -9.15464 0 0 1 0
0.994345 -0.106195 0 19.9715 0.106195 0.994345 0 -9.15036 0 0 1 0
0.994428 -0.105414 0 20.0168 0.105414 0.994428 0 -9.14829 0 0 1 0
0.993688 -0.11218 0 20.0533 0.11218 0.993688 0 -9.15342 0 0 1 0
0.993678 -0.112267 0 20.1296 0.112267 0.993678 0 -9.12498 0 0 1 0
0.993363 -0.115024 0 20.1658 0.115024 0.993363 0 -9.10851 0 0 1 0
0.993327 -0.115336 0 20.2193 0.115336 0.993327 0 -9.09678 0 0 1 0
0.993822 -0.110983 0 20.2783 0.110983 0.993822 0 -9.08612 0 0 1 0
0.993038 -0.117797 0 20.3255 0.117797 0.993038 0 -9.08698 0 0 1 0
0.994652 -0.103279 0 20.3724 0.103279 0.994652 0 -9.08539 0 0 1 0
0.995317 -0.0966622 0 20.4401 0.0966622 0.995317 0 -9.06862 0 0 1 0
0.994049 -0.108936 0 20.5004 0.108936 0.994049 0 -9.04497 0 0 1 0
0.995198 -0.0978782 0 20.5523 0.0978782 0.995198 0 -9.03918 0 0 1 0
0.994665 -0.103157 0 20.6097 0.103157 0.994665 0 -9.02998 0 0 1 0
0.993481 -0.114001 0 20.6857 0.114001 0.993481 0 -9.01688 0 0 1 0
0.992833 -0.119513 0 20.7414 0.119513 0.992833 0 -9.00386 0 0 1 0
0.993586 -0.113082 0 20.8043 0.113082 0.993586 0 -8.99317 0 0 1 0
0.994516 -0.104581 0 20.8593 0.104581 0.994516 0 -8.99931 0 0 1 0
0.993903 -0.110255 0 20.934 0.110255 0.993903 0 -8.94054 0 0 1 0
0.994032 -0.109092 0 21.0014 0.109092 0.994032 0 -8.92 0 0 1 0
0.996396 -0.0848257 0 21.0645 0.0848257 0.996396 0 -8.97076 0 0 1 0
0.995522 -0.0945253 0 21.1396 0.0945253 0.995522 0 -8.95767 0 0 1 0
0.995241 -0.0974439 0 21.2114 0.0974439 0.995241 0 -8.93208 0 0 1 0
0.995803 -0.091519 0 21.2866 0.091519 0.995803 0 -8.92974 0 0 1 0
0.995678 -0.0928746 0 21.3512 0.0928746 0.995678 0 -8.9106 0 0 1 0
0.995478 -0.0949944 0 21.4156 0.0949944 0.995478 0 -8.88846 0 0 1 0
0.996468 -0.0839735 0 21.4789 0.0839735 0.996468 0 -8.87311 0 0 1 0
0.995379 -0.0960195 0 21.5576 0.0960195 0.995379 0 -8.86652 0 0 1 0
0.993383 -0.11485 0 21.6143 0.11485 0.993383 0 -8.87448 0 0 1 0
0.994663 -0.103174 0 21.6846 0.103174 0.994663 0 -8.84893 0 0 1 0
0.994284 -0.106767 0 21.748 0.106767 0.994284 0 -8.84076 0 0 1 0
0.994207 -0.107479 0 21.8049 0.107479 0.994207 0 -8.81478 0 0 1 0
0.994507 -0.104667 0 21.8606 0.104667 0.994507 0 -8.79709 0 0 1 0
0.99431 -0.106524 0 21.9159 0.106524 0.99431 0 -8.78553 0 0 1 0
0.99366 -0.112423 0 21.9835 0.112423 0.99366 0 -8.77174 0 0 1 0
0.995002 -0.0998581 0 22.0448 0.0998581 0.995002 0 -8.79635 0 0 1 0
0.996992 -0.0775021 0 22.1065 0.0775021 0.996992 0 -8.79572 0 0 1 0
0.995161 -0.0982603 0 22.1586 0.0982603 0.995161 0 -8.75218 0 0 1 0
0.995261 -0.0972355 0 22.211 0.0972355 0.995261 0 -8.74663 0 0 1 0
0.992866 -0.119236 0 22.2632 0.119236 0.992866 0 -8.72898 0 0 1 0
0.995059 -0.099285 0 22.317 0.099285 0.995059 0 -8.71993 0 0 1 0
0.99513 -0.0985729 0 22.3751 0.0985729 0.99513 0 -8.7134 0 0 1 0
0.994379 -0.105882 0 22.4343 0.105882 0.994379 0 -8.71329 0 0 1 0
0.995019 -0.0996845 0 22.4891 0.0996845 0.995019 0 -8.70947 0 0 1 0
0.994708 -0.10274 0 22.5423 0.10274 0.994708 0 -8.69747 0 0 1 0
0.994254 -0.107045 0 22.5986 0.107045 0.994254 0 -8.6903 0 0 1 0
0.994748 -0.102359 0 22.6539 0.102359 0.994748 0 -8.68729 0 0 1 0
0.99378 -0.111365 0 22.711 0.111365 0.99378 0 -8.66303 0 0 1 0
0.995827 -0.0912583 0 22.7729 0.0912583 0.995827 0 -8.65404 0 0 1 0
0.993572 -0.113203 0 22.8271 0.113203 0.993572 0 -8.6299 0 0 1 0
0.995263 -0.0972181 0 22.8789 0.0972181 0.995263 0 -8.61655 0 0 1 0
0.997205 -0.0747177 0 22.9415 0.0747177 0.997205 0 -8.60037 0 0 1 0
0.99546 -0.0951856 0 23.0043 0.0951856 0.99546 0 -8.59442 0 0 1 0
0.991734 -0.128311 0 23.0484 0.128311 0.991734 0 -8.56558 0 0 1 0
0.990377 -0.138395 0 23.1057 0.138395 0.990377 0 -8.53108 0 0 1 0
0.991081 -0.13326 0 23.1671 0.13326 0.991081 0 -8.54465 0 0 1 0
0.992955 -0.118491 0 23.2284 0.118491 0.992955 0 -8.56822 0 0 1 0
0.996123 -0.0879729 0 23.3063 0.0879729 0.996123 0 -8.58167 0 0 1 0
0.996414 -0.084617 0 23.3697 0.084617 0.996414 0 -8.56735 0 0 1 0
0.994874 -0.101126 0 23.4302 0.101126 0.994874 0 -8.54134 0 0 1 0
0.99529 -0.0969402 0 23.4921 0.0969402 0.99529 0 -8.53103 0 0 1 0
0.996317 -0.0857473 0 23.5549 0.0857473 0.996317 0 -8.50801 0 0 1 0
0.996554 -0.0829474 0 23.6268 0.0829474 0.996554 0 -8.48236 0 0 1 0
0.99693 -0.0783025 0 23.6845 0.0783025 0.99693 0 -8.45662 0 0 1 0
0.996593 -0.0824777 0 23.7499 0.0824777 0.996593 0 -8.43997 0 0 1 0
0.991872 -0.127238 0 23.8039 0.127238 0.991872 0 -8.42643 0 0 1 0
0.991399 -0.130872 0 23.8659 0.130872 0.991399 0 -8.41399 0 0 1 0
0.993666 -0.112371 0 23.9242 0.112371 0.993666 0 -8.39211 0 0 1 0
0.99557 -0.0940214 0 23.9954 0.0940214 0.99557 0 -8.39445 0 0 1 0
0.996166 -0.0874861 0 24.0619 0.0874861 0.996166 0 -8.40607 0 0 1 0
0.995479 -0.0949771 0 24.1227 0.0949771 0.995479 0 -8.37709 0 0 1 0
0.992822 -0.1196 0 24.185 0.1196 0.992822 0 -8.42593 0 0 1 0
0.994911 -0.100761 0 24.2494 0.100761 0.994911 0 -8.405 0 0 1 0
0.992369 -0.123307 0 24.3046 0.123307 0.992369 0 -8.3827 0 0 1 0
0.996181 -0.0873122 0 24.3654 0.0873122 0.996181 0 -8.40992 0 0 1 0
0.996004 -0.0893115 0 24.4215 0.0893115 0.996004 0 -8.40041 0 0 1 0
0.995307 -0.0967665 0 24.487 0.0967665 0.995307 0 -8.38305 0 0 1 0
0.99598 -0.0895723 0 24.5481 0.0895723 0.99598 0 -8.36314 0 0 1 0
0.997015 -0.0772063 0 24.6012 0.0772063 0.997015 0 -8.35625 0 0 1 0
0.994733 -0.102497 0 24.6662 0.102497 0.994733 0 -8.34319 0 0 1 0
0.995903 -0.090424 0 24.7375 0.090424 0.995903 0 -8.35524 0 0 1 0
0.996804 -0.0798858 0 24.8025 0.0798858 0.996804 0 -8.34286 0 0 1 0
0.996207 -0.0870166 0 24.8623 0.0870166 0.996207 0 -8.32419 0 0 1 0
0.995209 -0.097774 0 24.9151 0.097774 0.995209 0 -8.29634 0 0 1 0
0.996166 -0.0874861 0 24.9794 0.0874861 0.996166 0 -8.27734 0 0 1 0
0.996496 -0.0836431 0 25.0415 0.0836431 0.996496 0 -8.28857 0 0 1 0
0.997693 -0.0678934 0 25.1085 0.0678934 0.997693 0 -8.30911 0 0 1 0
0.999361 -0.0357542 0 25.1712 0.0357542 0.999361 0 -8.3271 0 0 1 0
0.997355 -0.0726812 0 25.2368 0.0726812 0.997355 0 -8.25665 0 0 1 0
0.995767 -0.0919187 0 25.2961 0.0919187 0.995767 0 -8.26649 0 0 1 0
0.997263 -0.0739344 0 25.3614 0.0739344 0.997263 0 -8.25121 0 0 1 0
0.998176 -0.0603691 0 25.4238 0.0603691 0.998176 0 -8.24698 0 0 1 0
0.998453 -0.055595 0 25.4904 0.055595 0.998453 0 -8.22362 0 0 1 0
0.997346 -0.072803 0 25.5531 0.072803 0.997346 0 -8.21451 0 0 1 0
0.996531 -0.0832256 0 25.6198 0.0832256 0.996531 0 -8.18785 0 0 1 0
0.998487 -0.054985 0 25.6862 0.054985 0.998487 0 -8.18964 0 0 1 0
0.998258 -0.0589928 0 25.7409 0.0589928 0.998258 0 -8.17956 0 0 1 0
0.999555 -0.0298233 0 25.8161 0.0298233 0.999555 0 -8.16043 0 0 1 0
0.999514 -0.0311665 0 25.8868 0.0311665 0.999514 0 -8.15034 0 0 1 0
0.998042 -0.0625467 0 25.9481 0.0625467 0.998042 0 -8.17858 0 0 1 0
0.995762 -0.0919709 0 26.0126 0.0919709 0.995762 0 -8.17373 0 0 1 0
0.997062 -0.0765972 0 26.0785 0.0765972 0.997062 0 -8.19992 0 0 1 0
0.997294 -0.0735167 0 26.1392 0.0735167 0.997294 0 -8.14862 0 0 1 0
0.997467 -0.0711319 0 26.2392 0.0711319 0.997467 0 -8.13927 0 0 1 0
0.997965 -0.0637659 0 26.2788 0.0637659 0.997965 0 -8.14394 0 0 1 0
0.999052 -0.0435322 0 26.3424 0.0435322 0.999052 0 -8.1323 0 0 1 0
0.997532 -0.0702091 0 26.3914 0.0702091 0.997532 0 -8.09858 0 0 1 0
0.996332 -0.0855734 0 26.4526 0.0855734 0.996332 0 -8.08871 0 0 1 0
0.996071 -0.088564 0 26.5518 0.088564 0.996071 0 -8.07382 0 0 1 0
0.996541 -0.0831039 0 26.5812 0.0831039 0.996541 0 -8.06863 0 0 1 0
0.993815 -0.111053 0 26.6507 0.111053 0.993815 0 -8.03226 0 0 1 0
0.994072 -0.108728 0 26.7105 0.108728 0.994072 0 -8.06296 0 0 1 0
0.995891 -0.0905631 0 26.8234 0.0905631 0.995891 0 -7.99212 0 0 1 0
0.996402 -0.0847561 0 26.8554 0.0847561 0.996402 0 -7.99477 0 0 1 0
0.997085 -0.0763014 0 26.9014 0.0763014 0.997085 0 -8.01847 0 0 1 0
0.997758 -0.0669182 0 26.961 0.0669182 0.997758 0 -8.01427 0 0 1 0
0.99298 -0.118283 0 27.0051 0.118283 0.99298 0 -7.97928 0 0 1 0
0.99291 -0.118872 0 27.1194 0.118872 0.99291 0 -7.95757 0 0 1 0
0.997147 -0.0754834 0 27.1402 0.0754834 0.997147 0 -7.96258 0 0 1 0
0.994877 -0.101091 0 27.2088 0.101091 0.994877 0 -7.94625 0 0 1 0
0.996005 -0.0892941 0 27.2663 0.0892941 0.996005 0 -7.95376 0 0 1 0
0.996273 -0.0862516 0 27.3224 0.0862516 0.996273 0 -7.97956 0 0 1 0
0.99662 -0.0821472 0 27.3867 0.0821472 0.99662 0 -7.99279 0 0 1 0
0.997259 -0.0739867 0 27.4519 0.0739867 0.997259 0 -7.97289 0 0 1 0
0.99657 -0.082756 0 27.5175 0.082756 0.99657 0 -8.00227 0 0 1 0
0.997534 -0.0701917 0 27.5646 0.0701917 0.997534 0 -7.96907 0 0 1 0
0.996999 -0.0774151 0 27.6327 0.0774151 0.996999 0 -7.975 0 0 1 0
0.997422 -0.0717586 0 27.6925 0.0717586 0.997422 0 -7.98573 0 0 1 0
0.999472 -0.0324923 0 27.7625 0.0324923 0.999472 0 -7.98661 0 0 1 0
0.997884 -0.06502 0 27.7678 0.06502 0.997884 0 -7.90063 0 0 1 0
0.996983 -0.0776239 0 27.8794 0.0776239 0.996983 0 -7.94755 0 0 1 0
0.990581 -0.136926 0 27.9196 0.136926 0.990581 0 -7.94461 0 0 1 0
0.996057 -0.0887205 0 28.0038 0.0887205 0.996057 0 -7.90458 0 0 1 0
0.996538 -0.0831387 0 28.0239 0.0831387 0.996538 0 -7.87797 0 0 1 0
0.996814 -0.079764 0 28.1045 0.079764 0.996814 0 -7.8495 0 0 1 0
0.997025 -0.0770845 0 28.1773 0.0770845 0.997025 0 -7.87347 0 0 1 0
0.999009 -0.0445086 0 28.246 0.0445086 0.999009 0 -7.90883 0 0 1 0
0.998726 -0.0504535 0 28.3073 0.0504535 0.998726 0 -7.89411 0 0 1 0
0.997978 -0.0635569 0 28.3655 0.0635569 0.997978 0 -7.87796 0 0 1 0
0.997205 -0.0747177 0 28.4227 0.0747177 0.997205 0 -7.86069 0 0 1 0
0.997409 -0.0719327 0 28.4809 0.0719327 0.997409 0 -7.85609 0 0 1 0
0.997318 -0.073186 0 28.5369 0.073186 0.997318 0 -7.83163 0 0 1 0
0.995356 -0.0962627 0 28.601 0.0962627 0.995356 0 -7.80643 0 0 1 0
0.995465 -0.0951334 0 28.6647 0.0951334 0.995465 0 -7.832 0 0 1 0
0.996101 -0.0882163 0 28.7296 0.0882163 0.996101 0 -7.82467 0 0 1 0
0.996225 -0.086808 0 28.7839 0.086808 0.996225 0 -7.78553 0 0 1 0
0.996341 -0.0854691 0 28.84 0.0854691 0.996341 0 -7.79853 0 0 1 0
0.996052 -0.0887726 0 28.8876 0.0887726 0.996052 0 -7.7472 0 0 1 0
0.996418 -0.0845648 0 28.9466 0.0845648 0.996418 0 -7.77764 0 0 1 0
0.995686 -0.0927877 0 28.9878 0.0927877 0.995686 0 -7.74985 0 0 1 0
0.99861 -0.052702 0 29.066 0.052702 0.99861 0 -7.77512 0 0 1 0
0.99612 -0.0880077 0 29.1231 0.0880077 0.99612 0 -7.76397 0 0 1 0
0.994751 -0.102324 0 29.1844 0.102324 0.994751 0 -7.72223 0 0 1 0
0.997279 -0.0737256 0 29.2443 0.0737256 0.997279 0 -7.71093 0 0 1 0
0.996913 -0.0785113 0 29.3003 0.0785113 0.996913 0 -7.70315 0 0 1 0
0.995634 -0.0933437 0 29.364 0.0933437 0.995634 0 -7.70928 0 0 1 0
0.996317 -0.0857473 0 29.4194 0.0857473 0.996317 0 -7.73424 0 0 1 0
0.997464 -0.0711667 0 29.475 0.0711667 0.997464 0 -7.7276 0 0 1 0
0.997929 -0.0643233 0 29.5346 0.0643233 0.997929 0 -7.69051 0 0 1 0
0.998221 -0.05962 0 29.6007 0.05962 0.998221 0 -7.65548 0 0 1 0
0.997055 -0.0766842 0 29.6547 0.0766842 0.997055 0 -7.70404 0 0 1 0
0.997073 -0.076458 0 29.7124 0.076458 0.997073 0 -7.71357 0 0 1 0
0.996539 -0.0831213 0 29.7676 0.0831213 0.996539 0 -7.69125 0 0 1 0
0.995616 -0.0935349 0 29.8322 0.0935349 0.995616 0 -7.66784 0 0 1 0
0.996103 -0.0881989 0 29.8844 0.0881989 0.996103 0 -7.64446 0 0 1 0
0.998245 -0.0592193 0 29.9429 0.0592193 0.998245 0 -7.64675 0 0 1 0
0.99834 -0.0575989 0 29.9996 0.0575989 0.99834 0 -7.65557 0 0 1 0
0.99891 -0.0466706 0 30.0675 0.0466706 0.99891 0 -7.65647 0 0 1 0
0.999211 -0.0397132 0 30.1279 0.0397132 0.999211 0 -7.65755 0 0 1 0
0.997379 -0.0723504 0 30.1939 0.0723504 0.997379 0 -7.63239 0 0 1 0
0.995873 -0.0907542 0 30.2524 0.0907542 0.995873 0 -7.60359 0 0 1 0
0.996858 -0.0792072 0 30.3172 0.0792072 0.996858 0 -7.59912 0 0 1 0
0.998187 -0.0601949 0 30.3811 0.0601949 0.998187 0 -7.60568 0 0 1 0
0.997293 -0.0735341 0 30.447 0.0735341 0.997293 0 -7.58116 0 0 1 0
0.997106 -0.0760229 0 30.5062 0.0760229 0.997106 0 -7.57135 0 0 1 0
0.997747 -0.0670924 0 30.5654 0.0670924 0.997747 0 -7.55981 0 0 1 0
0.997007 -0.0773107 0 30.6263 0.0773107 0.997007 0 -7.55184 0 0 1 0
0.99659 -0.0825125 0 30.6893 0.0825125 0.99659 0 -7.55189 0 0 1 0
0.9949 -0.100865 0 30.7593 0.100865 0.9949 0 -7.5322 0 0 1 0
0.997126 -0.0757619 0 30.739 0.0757619 0.997126 0 -7.55293 0 0 1 0
0.997233 -0.0743348 0 30.8926 0.0743348 0.997233 0 -7.53234 0 0 1 0
0.997476 -0.07101 0 30.9575 0.07101 0.997476 0 -7.52752 0 0 1 0
0.997785 -0.0665177 0 31.0128 0.0665177 0.997785 0 -7.5122 0 0 1 0
0.997402 -0.0720371 0 31.0793 0.0720371 0.997402 0 -7.48305 0 0 1 0
0.996981 -0.0776413 0 31.1442 0.0776413 0.996981 0 -7.48452 0 0 1 0
0.997541 -0.0700873 0 31.2037 0.0700873 0.997541 0 -7.4799 0 0 1 0
0.996814 -0.079764 0 31.279 0.079764 0.996814 0 -7.46768 0 0 1 0
0.996411 -0.0846518 0 31.3449 0.0846518 0.996411 0 -7.44024 0 0 1 0
0.996362 -0.0852256 0 31.4068 0.0852256 0.996362 0 -7.4293 0 0 1 0
0.997326 -0.0730815 0 31.49 0.0730815 0.997326 0 -7.43527 0 0 1 0
0.998553 -0.0537825 0 31.5507 0.0537825 0.998553 0 -7.41641 0 0 1 0
